
mat  fuel  8.26886878276505E-02 fix 09c 900 burn 1 vol 4.87100E+07 rgb 253 231 37
1001.09c        1.21547057481e-05
1002.09c        1.52320201704e-07
1003.09c        6.31058556331e-06
2003.09c        9.07294415423e-08
2004.09c        0.000180339516935
20060        3.70767824093e-15
3006.09c        1.4546398153e-07
3007.09c        0.0233810005828
30080        2.98062423224e-14
30090        4.41306075685e-21
40080        8.95533623679e-31
4009.09c        0.00519956249488
40100        2.19661351866e-06
40110        7.45346613499e-29
5010.09c        7.81185282411e-12
5011.09c        3.10353392784e-13
50120        1.23935264452e-22
60120        2.55262939207e-10
60130        2.49172754556e-09
60140        4.7403316509e-10
60150        2.89496261488e-21
70130        3.31144746582e-26
7014.09c        2.65909624056e-12
7015.09c        5.34800920446e-06
70160        1.07477108472e-13
70170        9.95670849838e-24
8016.09c        2.03004065691e-05
8017.09c        9.79114149139e-09
80180        1.01093519494e-07
80190        2.93859045212e-14
90180        5.00283198917e-14
9019.09c        0.0498344201234
90200        2.21310259352e-13
100200        2.81186589117e-05
100210        4.74907973653e-10
250610        5.29758854969e-22
250620        3.28878655412e-23
260580        4.7020873122e-17
260590        5.15987130357e-21
260600        2.63211874865e-13
260610        3.82811041764e-19
260620        8.92976991598e-20
260640        1.47568187543e-21
260650        2.82721594207e-25
260660        1.92714660587e-23
270590        9.5947693443e-19
270600        8.56075734326e-19
270601        3.4920746889e-24
270610        6.37481860297e-18
270620        1.24596011962e-19
270630        1.76553830602e-21
270640        3.73183133978e-22
270650        9.35489723748e-22
270660        4.33182288721e-22
270670        1.51688304195e-21
270680        1.21220802996e-22
270690        1.90435424873e-21
%280600        1.93766772097e-17
28061.09c        1.33697044698e-12
28062.09c        1.37987761358e-12
280630        4.90871443945e-13
28064.09c        1.67803117678e-12
280650        8.41344140235e-18
280660        6.75612541435e-16
280670        2.09380555562e-19
280680        3.710247011e-19
280690        1.92028599507e-19
280691        2.83642171539e-20
280700        2.56262180509e-19
280710        1.0325670874e-19
280720        5.25137384557e-20
280730        1.80427623767e-20
280740        6.1627599217e-21
280750        2.36301991449e-21
290630        8.18973785002e-14
290640        3.23393824249e-22
29065.09c        1.11830248387e-12
290660        1.08991536614e-18
290670        2.31411302119e-15
290680        4.42129133868e-19
290681        2.99372764091e-19
290690        5.83563737542e-18
290700        3.2923080421e-19
290701        4.73913233038e-19
290702        2.88467882185e-19
290710        1.68041259482e-18
290720        7.38444027678e-19
290730        2.17256611627e-17
290740        6.20118776119e-18
290750        3.24856775374e-18
290760        2.5604147772e-20
290761        5.07289666493e-20
290770        1.29508564142e-20
290780        5.62669452598e-22
300640        1.84669058081e-18
300660        4.68871514222e-12
300670        1.36998962506e-11
300680        1.92326980894e-11
300690        1.18272975933e-16
300691        3.60958058214e-17
300700        8.07264762316e-11
300710        1.30268222709e-17
300711        1.90955361756e-16
300720        3.18394407188e-13
300730        2.68006874948e-16
300731        6.80764292361e-17
300732        4.50230618523e-17
300740        3.52583286961e-15
300750        6.67006885895e-16
300760        5.30207092464e-16
300770        1.59383980684e-16
300771        1.13570937409e-17
300780        9.23968516893e-17
300790        1.41707554022e-17
300800        3.10567181456e-18
300810        4.0320550946e-20
310690        4.69826854196e-11
310700        8.22649638402e-26
310710        1.30041370076e-10
310720        9.72118426383e-14
310721        2.53949929454e-21
310730        2.83514442135e-13
310740        1.54542469787e-14
310741        3.72407656255e-16
310750        1.14021906725e-14
310760        6.13713198289e-15
310770        5.26466579322e-15
310780        1.45759316487e-15
310790        1.01380018663e-15
310800        2.86742318811e-16
310810        8.96705265221e-17
310820        6.80789922115e-18
310830        8.08384080242e-20
310840        6.95740790193e-22
320700        4.41078318909e-20
320710        1.20458957323e-17
32072.09c        2.59505394103e-09
32073.09c        1.14741918107e-08
320731        8.00554990672e-18
32074.09c        6.83542370142e-08
320750        5.03817427074e-13
320751        5.96835337922e-16
32076.09c        3.22850862951e-07
320770        1.45644289081e-11
320771        2.42001775425e-14
320780        6.10181017466e-12
320790        1.2554235046e-14
320791        6.20819155475e-14
320800        1.02292162733e-13
320810        1.85889451574e-14
320811        4.24271143108e-15
320820        9.24552843565e-15
320830        9.78404914797e-16
320840        1.26505784103e-16
320850        1.49305025942e-17
320860        1.52310398579e-18
320870        1.34744430417e-20
33075.09c        8.48628993233e-08
330760        6.50149244594e-12
330770        1.02635149373e-10
330780        6.55281614047e-12
330790        1.30690792615e-12
330800        7.17670421546e-14
330810        1.99172590921e-13
330820        5.91442481858e-14
330821        4.3855579299e-14
330830        7.56336344074e-14
330840        5.78040842585e-15
330841        9.34643088368e-16
330850        3.5255896208e-15
330860        4.06839613059e-16
330870        9.56201176626e-17
330880        4.95809116733e-18
330890        5.55622256843e-19
330900        2.7307817752e-25
340760        0.0
34077.09c        0.0
340771        0.0
34078.09c        0.0
34079.09c        0.0
340791        0.0
34080.09c        0.0
340810        0.0
340811        0.0
34082.09c        0.0
340830        0.0
340831        0.0
340840        0.0
340850        0.0
340860        0.0
340870        0.0
340880        0.0
340890        0.0
340900        0.0
340910        0.0
340920        0.0
350780        2.92522507933e-33
35079.09c        1.65718710905e-15
350800        1.43483150127e-18
350801        1.26072878561e-17
35081.09c        1.31617997401e-08
350820        8.37672159267e-12
350821        9.40347560943e-15
350830        1.80272144789e-10
350840        6.10975645544e-11
350841        5.85793665601e-13
350850        7.24518718806e-12
350860        2.58790040246e-12
350870        2.45884404354e-12
350880        4.63027120446e-13
350890        7.5971901081e-14
350900        1.07803688977e-14
350910        1.05101273115e-15
350920        6.03867390445e-17
350930        3.90265825209e-18
350940        6.2926391569e-20
350950        2.24918768204e-21
360790        0.0
36080.09c        0.0
360810        0.0
360811        0.0
36082.09c        0.0
36083.09c        0.0
360831        0.0
36084.09c        0.0
36085.09c        0.0
360851        0.0
36086.09c        0.0
360870        0.0
360880        0.0
360890        0.0
360900        0.0
360910        0.0
360920        0.0
360930        0.0
360940        0.0
360950        0.0
360960        0.0
360970        0.0
360980        0.0
370840        6.82675926858e-21
37085.09c        3.55051034839e-06
37086.09c        6.33099725279e-10
370861        4.37889411087e-15
37087.09c        9.29676046985e-06
370880        1.16289674801e-10
370890        1.14996106012e-10
370900        1.30564781207e-11
370901        1.14683652118e-11
370910        6.46524523064e-12
370920        3.33524699464e-13
370930        2.93933003544e-13
370940        5.46434258859e-14
370950        3.41627191816e-15
370960        2.41615502098e-16
370961        1.61886433393e-16
370970        6.25712711296e-17
370980        1.2882793221e-18
370981        1.08594838874e-18
370990        9.80917197519e-20
371000        1.25578534382e-22
371010        8.29719802189e-27
380840        3.1932144403e-21
38086.09c        2.55458266789e-08
38087.09c        5.13150819593e-10
380871        3.04242019394e-14
38088.09c        1.22573528397e-05
38089.09c        5.48939447958e-07
38090.09c        1.49933888809e-05
380910        4.65764383431e-09
380920        1.30906957754e-09
380930        6.11752829511e-11
380940        9.25341911812e-12
380950        1.94782340446e-12
380960        4.80753155734e-14
380970        7.36653248358e-15
380980        3.55702428557e-15
380990        2.73012253088e-16
381000        3.9943050394e-17
381010        2.04703698841e-18
381020        3.16075401648e-20
381030        1.81151518876e-24
381040        1.93339333652e-21
390880        1.35449051288e-15
39089.09c        3.61159768224e-07
390891        2.16881475987e-16
39090.09c        3.80124289547e-09
390901        1.08599463318e-13
39091.09c        2.94743088693e-07
390911        2.35863619723e-10
390920        1.72329211528e-09
390930        5.27351572556e-09
390931        3.27603055402e-14
390940        1.55557174292e-10
390950        7.83837680483e-11
390960        3.35974461878e-13
390961        3.11602920249e-13
390970        9.30992690078e-14
390971        5.29732003157e-14
390972        1.2921682497e-15
390980        6.41261483276e-15
390981        4.56818557488e-14
390990        2.87632856921e-14
391000        2.38301922828e-15
391001        2.86324707135e-15
391010        8.28415751699e-16
391020        3.76014489972e-17
391021        4.51217388289e-17
391030        9.23531087857e-18
391040        2.56988067284e-19
391050        7.18122660806e-20
391060        9.21804873691e-22
400900        7.18922012689e-08
40091.09c        1.74635380858e-07
40092.09c        6.31207837347e-07
40093.09c        6.68621149745e-07
40094.09c        6.57000282045e-07
40095.09c        4.21143364424e-07
40096.09c        5.63340263363e-07
400970        6.95537838607e-09
400980        3.15061570277e-12
400990        1.86091741891e-13
401000        4.69184993435e-13
401010        6.58658811567e-14
401020        3.60719341884e-14
401030        3.23652959317e-15
401040        5.86409329175e-16
401050        2.44151456833e-17
401060        6.79918549797e-18
401070        4.03282507784e-20
401080        9.10763644222e-22
410930        0.0
410931        0.0
41094.09c        0.0
410941        0.0
41095.09c        0.0
410951        0.0
410960        0.0
410970        0.0
410971        0.0
410980        0.0
410981        0.0
410990        0.0
410991        0.0
411000        0.0
411001        0.0
411010        0.0
411020        0.0
411021        0.0
411030        0.0
411040        0.0
411041        0.0
411050        0.0
411060        0.0
411070        0.0
411080        0.0
411090        0.0
411100        0.0
411110        0.0
411120        0.0
420940        0.0
42095.09c        0.0
42096.09c        0.0
42097.09c        0.0
42098.09c        0.0
42099.09c        0.0
42100.09c        0.0
421010        0.0
421020        0.0
421030        0.0
421040        0.0
421050        0.0
421060        0.0
421070        0.0
421080        0.0
421090        0.0
421100        0.0
421110        0.0
421120        0.0
421130        0.0
421140        0.0
421150        0.0
430980        0.0
43099.09c        0.0
430991        0.0
431000        0.0
431010        0.0
431020        0.0
431021        0.0
431030        0.0
431040        0.0
431050        0.0
431060        0.0
431070        0.0
431080        0.0
431090        0.0
431100        0.0
431110        0.0
431120        0.0
431130        0.0
431140        0.0
431150        0.0
431160        0.0
431170        0.0
440980        0.0
440990        0.0
44100.09c        0.0
44101.09c        0.0
44102.09c        0.0
44103.09c        0.0
441031        0.0
44104.09c        0.0
44105.09c        0.0
44106.09c        0.0
441070        0.0
441080        0.0
441090        0.0
441100        0.0
441110        0.0
441120        0.0
441130        0.0
441131        0.0
441140        0.0
441150        0.0
441160        0.0
441170        0.0
441180        0.0
441190        0.0
451020        0.0
45103.09c        0.0
451031        0.0
451040        0.0
451041        0.0
45105.09c        0.0
451051        0.0
451060        0.0
451061        0.0
451070        0.0
451080        0.0
451081        0.0
451090        0.0
451100        0.0
451101        0.0
451110        0.0
451120        0.0
451121        0.0
451130        0.0
451140        0.0
451141        0.0
451150        0.0
451160        0.0
451161        0.0
451170        0.0
451180        0.0
451190        0.0
451200        0.0
451210        0.0
451220        0.0
461040        0.0
46105.09c        0.0
46106.09c        0.0
46107.09c        0.0
461071        0.0
46108.09c        0.0
461090        0.0
461091        0.0
46110.09c        0.0
461110        0.0
461111        0.0
461120        0.0
461130        0.0
461131        0.0
461140        0.0
461150        0.0
461151        0.0
461160        0.0
461170        0.0
461171        0.0
461180        0.0
461190        0.0
461200        0.0
461210        0.0
461220        0.0
461230        0.0
461240        0.0
471070        0.0
471080        0.0
47109.09c        0.0
471091        0.0
%47110.09c        0.0
471101        0.0
47111.09c        0.0
471111        0.0
471120        0.0
471130        0.0
471131        0.0
471140        0.0
471141        0.0
471150        0.0
471151        0.0
471160        0.0
471161        0.0
471170        0.0
471171        0.0
471180        0.0
471181        0.0
471190        0.0
471191        0.0
471200        0.0
471201        0.0
471210        0.0
471220        0.0
471221        0.0
471230        0.0
471240        0.0
471241        0.0
471250        0.0
471260        0.0
471270        0.0
471280        0.0
481080        1.24522166061e-17
481100        4.54593450465e-12
48111.09c        4.21845677356e-10
48112.09c        1.11411076051e-09
48113.09c        2.07013992845e-10
481131        2.04090515171e-11
48114.09c        3.62198479382e-09
%48115.09c        8.28449696429e-11
481151        5.76963240974e-11
48116.09c        1.89379550537e-09
481170        2.30674625269e-12
481171        1.20379015736e-12
481180        1.09068232126e-12
481190        4.0023234757e-14
481191        1.62769194052e-14
481200        1.84398992987e-14
481210        2.06758172164e-15
481211        1.60260558591e-15
481220        1.49471684585e-15
481230        1.33577634092e-16
481231        2.23531206038e-16
481240        3.60978897732e-16
481250        9.97610727544e-17
481251        1.67947938708e-16
481260        1.66869919127e-16
481270        4.57337687328e-17
481280        1.44127992287e-17
481290        1.08868245101e-18
481291        1.1456875602e-18
481300        5.21925861501e-19
481310        7.07440948911e-21
481320        1.05031804211e-24
491120        1.33717344256e-24
49113.09c        1.06099795973e-13
491140        1.65542909674e-20
491141        2.40075763187e-16
49115.09c        1.73513622205e-09
491151        6.95127370103e-12
491160        8.0231848957e-16
491161        4.07280459753e-17
491162        1.61190731528e-20
491170        6.02149816303e-13
491171        1.65667455524e-12
491180        1.80976416882e-15
491181        8.92039941582e-17
491182        1.72334858006e-18
491190        2.39609056035e-14
491191        2.43578526719e-13
491200        1.15793546398e-15
491201        5.98828642138e-16
491202        6.13086481676e-16
491210        6.92331915692e-15
491211        2.69323098874e-14
491220        5.02808967344e-16
491221        3.94005766935e-16
491222        3.94005766935e-16
491230        1.88954427564e-15
491231        3.98881158416e-15
491240        1.32471476857e-15
491241        4.63279766322e-16
491250        3.06747352503e-15
491251        3.44495760157e-15
491260        1.82991856512e-15
491261        1.29462982414e-15
491270        1.76818661005e-15
491271        1.82576606711e-15
491280        7.70452407452e-16
491281        3.01828063943e-18
491282        5.63590242143e-16
491290        5.6035407868e-16
491291        2.63795649633e-16
491300        2.52245187869e-17
491301        5.10520496929e-17
491302        8.62124020307e-17
491310        7.74747993044e-18
491311        9.55197610006e-18
491312        8.73323320992e-18
491320        6.86856088855e-19
491330        5.75172080147e-20
491331        1.06814417039e-20
491340        1.89753651956e-24
501120        1.05124173498e-21
501140        3.77977840288e-16
50115.09c        9.56656328262e-11
50116.09c        1.28762019165e-10
50117.09c        1.6669219297e-09
501171        9.40388865233e-13
50118.09c        1.69514265168e-09
50119.09c        1.13234663534e-09
501191        6.42515675452e-10
50120.09c        1.88237808697e-09
501210        3.70573785291e-11
501211        1.61980547096e-10
50122.09c        2.11683166641e-09
50123.09c        2.16939715984e-10
501231        9.5867093366e-13
50124.09c        3.36668283542e-09
50125.09c        6.05783771367e-10
501251        8.79322100159e-13
50126.09c        2.13370005699e-08
501270        3.4677169871e-11
501271        8.96065939515e-13
501280        5.78053414846e-11
501281        7.16685945212e-14
501290        8.85801472468e-13
501291        5.87540807902e-12
501300        1.27505996067e-12
501301        1.32293025679e-12
501310        1.54805495444e-13
501311        3.84874114324e-13
501320        1.55820628258e-13
501330        5.7423922298e-16
501340        5.73884334392e-17
501350        2.16486149586e-18
501360        7.04126463367e-20
501370        5.93170208878e-21
511200        0.0
511201        0.0
51121.09c        0.0
511220        0.0
511221        0.0
51123.09c        0.0
51124.09c        0.0
511241        0.0
511242        0.0
51125.09c        0.0
51126.09c        0.0
511261        0.0
511262        0.0
511270        0.0
511280        0.0
511281        0.0
511290        0.0
511291        0.0
511300        0.0
511301        0.0
511310        0.0
511320        0.0
511321        0.0
511330        0.0
511340        0.0
511341        0.0
511350        0.0
511360        0.0
511370        0.0
511380        0.0
511390        0.0
52122.09c        0.0
52123.09c        0.0
521231        0.0
52124.09c        0.0
52125.09c        0.0
521251        0.0
52126.09c        0.0
%52127.09c        0.0
521271        0.0
52128.09c        0.0
%52129.09c        0.0
521291        0.0
52130.09c        0.0
521310        0.0
521311        0.0
52132.09c        0.0
521330        0.0
521331        0.0
521340        0.0
521350        0.0
521360        0.0
521370        0.0
521380        0.0
521390        0.0
521400        0.0
521410        0.0
521420        0.0
531260        1.60058615119e-15
53127.09c        2.1532841273e-09
531280        9.17049559548e-15
53129.09c        3.48179959778e-08
53130.09c        3.93431111874e-12
531301        2.22041189727e-14
53131.09c        3.94804908911e-08
531320        3.9255565148e-10
531321        8.1694997642e-12
531330        9.43938054965e-09
531331        5.52287103942e-14
531340        4.04881180565e-10
531341        4.02754898947e-12
53135.09c        2.27090657908e-09
531360        2.25139848372e-12
531361        1.74492425663e-12
531370        7.3847976054e-13
531380        6.22741819896e-14
531390        1.04901097203e-14
531400        8.18729569126e-16
531410        8.47439070201e-17
531420        3.28551785634e-18
531430        2.16759572567e-19
531440        5.49476764148e-21
541260        0.0
541270        0.0
54128.09c        0.0
54129.09c        0.0
541291        0.0
54130.09c        0.0
54131.09c        0.0
541311        0.0
54132.09c        0.0
541321        0.0
54133.09c        0.0
541331        0.0
54134.09c        0.0
541341        0.0
54135.09c        0.0
541351        0.0
54136.09c        0.0
541370        0.0
541380        0.0
541390        0.0
541400        0.0
541410        0.0
541420        0.0
541430        0.0
541440        0.0
541450        0.0
541460        0.0
541470        0.0
551320        4.08023274701e-14
55133.09c        1.88410026781e-06
55134.09c        2.85244363921e-07
551341        8.54202708969e-12
55135.09c        3.55288159383e-06
551351        1.3311264965e-13
55136.09c        4.26759884608e-09
551361        9.20472601853e-15
55137.09c        1.45040218401e-05
551380        2.44519400623e-10
551381        2.34070132902e-12
551390        6.12720863226e-11
551400        6.07648539294e-12
551410        1.8437272046e-12
551420        6.46325634939e-14
551430        2.96911730852e-14
551440        3.51660171759e-15
551441        2.27913784742e-15
551450        5.66401170486e-16
551460        4.39892243008e-17
551470        4.34117394122e-18
551480        2.37948706161e-19
551490        1.50344671739e-20
561320        8.57609805982e-14
561330        1.02285948351e-13
56134.09c        2.12252376348e-07
56135.09c        2.04543267606e-09
561351        4.79762685609e-13
56136.09c        3.08431009313e-07
561361        8.14673906602e-19
56137.09c        9.34004675878e-07
561371        2.22345691523e-12
56138.09c        1.50269032603e-05
561390        5.96961984276e-10
56140.09c        1.48067587862e-07
561410        1.3994769041e-10
561420        8.60735306321e-11
561430        1.50050227143e-12
561440        7.15466554012e-13
561450        1.04646279481e-13
561460        1.69702250812e-14
561470        1.83208476819e-15
561480        2.37284566468e-16
561490        1.45835076782e-17
561500        1.23649519522e-18
561510        5.84227957128e-20
561520        2.27513371421e-24
571370        1.32447111265e-14
57138.09c        1.70622990253e-13
57139.09c        3.44950599021e-07
57140.09c        1.95484869068e-08
571410        1.83043334447e-09
571420        7.65210918759e-10
571430        1.03929683561e-10
571440        3.79918235447e-12
571450        1.46936412947e-12
571460        9.41648754427e-14
571461        1.32837048723e-13
571470        5.58878903882e-14
571480        6.05955689022e-15
571490        1.36594063238e-15
571500        1.16445787958e-16
571510        1.25762947683e-17
571520        1.86509821982e-18
571530        3.86526789162e-20
571540        1.94742620491e-24
581380        3.21257938898e-15
581381        7.90838798389e-24
581390        1.74820548246e-14
581391        3.15095385582e-19
58140.09c        3.67764287641e-07
58141.09c        2.32554845911e-07
58142.09c        4.0437021779e-07
58143.09c        1.4720030486e-08
58144.09c        2.69886122362e-07
581450        1.28143668977e-11
581460        4.36439491026e-11
581470        2.17308191074e-12
581480        1.41045752313e-12
581490        6.16274688163e-14
581500        1.8727078864e-14
581510        1.53164250187e-15
581520        3.30536285213e-16
581530        6.62237852829e-17
581540        6.32643294154e-18
581550        4.03731457898e-20
581560        5.24710411456e-21
591400        3.45316159995e-19
59141.09c        1.38267883016e-07
59142.09c        4.99320363768e-12
591421        2.30479268662e-14
59143.09c        1.30733034302e-07
591440        1.19235175941e-11
591441        2.14374939003e-13
591450        1.56246647255e-09
591460        7.84710282255e-11
591470        3.1729655694e-11
591480        3.53443517768e-12
591481        2.73954733917e-13
591490        2.22436648588e-12
591500        5.61251999976e-14
591510        9.39768900751e-14
591520        6.53198413727e-15
591530        2.70328636355e-15
591540        2.27020185722e-16
591550        1.39024160367e-17
591560        1.73623446934e-18
591570        1.07717282626e-19
591580        6.34107513243e-24
601420        7.28360674367e-11
601430        2.09448856286e-07
60144.09c        1.70648191384e-08
60145.09c        2.06262824493e-07
60146.09c        1.56878959907e-07
60147.09c        3.53519287762e-08
60148.09c        8.24542967676e-08
601490        1.05698108154e-10
60150.09c        3.11225717265e-08
601510        5.53335595916e-12
601520        2.96800027561e-12
601530        8.75572419671e-14
601540        2.22243345634e-14
601550        2.55831493256e-15
601560        4.48017915971e-16
601570        2.84345441373e-17
601580        1.47715007363e-18
601590        1.31122119737e-19
601600        3.02488105226e-20
611450        4.56243231064e-18
611460        7.50072413743e-15
61147.09c        7.42067771927e-08
61148.09c        3.11898807296e-10
611481        7.1058535157e-10
61149.09c        3.22219706694e-09
611500        1.77939409541e-12
61151.09c        7.6194285891e-10
611520        1.08262412363e-12
611521        1.59303361963e-14
611522        3.38318475051e-14
611530        9.50664628971e-13
611540        1.00569153518e-13
611541        1.78147280761e-14
611550        2.22839073024e-14
611560        5.36337083147e-15
611570        8.92923814576e-16
611580        1.705437104e-16
611590        1.27771491942e-17
611600        2.96950384402e-18
611610        2.88455512108e-19
611620        1.623986155e-23
621460        1.18028333558e-17
621470        1.04168888755e-09
621480        8.35061151764e-10
62149.09c        6.2758974356e-09
62150.09c        3.90558831079e-08
62151.09c        1.50287602489e-08
62152.09c        1.7967715945e-08
62153.09c        5.94172256136e-10
621531        1.68587887173e-19
62154.09c        3.29071044869e-09
621550        7.8520137741e-13
621560        9.85224870328e-12
621570        8.49494980007e-14
621580        3.59482221138e-14
621590        2.85057465427e-16
621600        1.35064763915e-16
621610        1.89680387998e-17
621620        3.00590214194e-18
621630        1.86809055116e-19
621640        2.19423927821e-25
631490        2.35161860991e-25
631500        3.41081237658e-19
63151.09c        5.81466441575e-12
631520        1.90753753527e-12
63153.09c        8.42019135069e-09
63154.09c        2.07490935095e-10
631541        7.87071523061e-15
63155.09c        1.03213037685e-09
63156.09c        6.30025328392e-10
63157.09c        1.06767529326e-11
631580        3.27516209176e-13
631590        4.01581028766e-14
631600        7.66611277696e-16
631610        1.92329407597e-16
631620        3.97266116667e-17
631630        5.68053792061e-18
631640        2.35841691993e-19
631650        1.46754032582e-19
641520        9.59270781076e-15
64154.09c        6.8389482171e-12
64155.09c        6.49354848944e-12
64156.09c        1.02598890745e-09
64157.09c        6.18695023475e-11
64158.09c        8.36749458886e-10
641590        2.54784273591e-12
64160.09c        6.29010970011e-11
641610        2.01191788467e-15
641620        2.86393059483e-15
641630        1.52227437304e-16
641640        4.88156248238e-17
641650        5.80171889154e-18
641660        4.79728150647e-19
641670        8.04275869854e-20
651580        4.03300318762e-13
65159.09c        7.19189874138e-09
65160.09c        1.84251327819e-10
651610        8.22623394533e-12
651620        2.63418053737e-15
651630        2.75521066998e-15
651640        2.39253642486e-16
651650        9.31631556958e-17
651660        9.08290372573e-18
651670        3.44258037385e-18
651680        4.12984929577e-19
651690        4.85950169723e-20
661580        6.44338719449e-15
66160.09c        1.69371979834e-09
66161.09c        1.61958730316e-09
66162.09c        1.68889600567e-09
66163.09c        2.94387411624e-09
66164.09c        6.61126099897e-10
661650        4.08079055321e-13
661651        2.2964573101e-15
661660        1.20121868168e-13
661670        8.27634296013e-17
661680        6.10876042644e-17
661690        2.85055555356e-18
661700        9.25799439151e-19
661710        8.2664793935e-21
671630        4.81913398205e-19
671640        6.82951736634e-19
67165.09c        5.73835717957e-09
671660        4.31243862791e-12
671661        1.52276219898e-09
671670        2.52001305297e-15
671680        2.20709966189e-17
671681        4.27452233487e-19
671690        2.29406881425e-17
671700        1.26495845869e-20
671701        1.39877973949e-18
671710        5.95268088079e-19
671720        1.2186986574e-22
681640        1.332157375e-13
681650        3.15694466906e-17
68166.09c        1.65793245896e-08
68167.09c        2.61616525025e-10
681671        4.59892296047e-17
68168.09c        1.04735158183e-08
681690        4.59536155476e-12
68170.09c        1.62214288874e-11
681710        6.88712385179e-16
681720        5.34749719546e-16
681730        9.66819115625e-20
681740        1.51072971716e-21
691690        1.87681136149e-09
691710        1.41957307297e-12
691720        7.09942500394e-16
691730        6.84132226097e-17
691740        1.34390346842e-19
691750        2.16648306251e-21
701710        1.22173468911e-11
701720        1.65297173868e-12
701730        1.23035015051e-12
701740        2.34608905362e-13
701750        1.36360841252e-18
701751        1.27791903089e-25
701760        1.02122443499e-18
711730        2.02640749104e-24
711740        5.24030006753e-21
71175.09c        5.21073210869e-16
711760        5.36936508829e-16
711761        2.82850415525e-20
721760        1.07395186522e-15
802060        6.84778780619e-27
812050        9.55754090274e-30
812060        2.5825705516e-25
812070        9.84305189659e-18
812080        1.90754914157e-15
812090        2.19784963117e-20
812100        8.05883340818e-25
822060        5.77707485955e-13
822070        2.863576791e-11
822080        3.3844053117e-08
822090        9.56917556136e-17
822100        5.06472713418e-13
822110        7.46369570055e-17
822120        1.10834230599e-12
822140        7.94374123885e-20
832090        9.57042434167e-12
832100        3.12535583736e-16
832110        4.44514738894e-18
832120        1.05105018512e-13
832130        2.21853618149e-17
832140        5.84486859914e-20
832150        4.62641542761e-23
842100        8.59703419851e-15
842110        4.90744271666e-23
842120        5.56167702022e-24
842130        2.93849840979e-26
842140        1.43510744818e-25
842150        6.13706225177e-23
842160        4.28244167092e-18
842180        9.06547524631e-21
852150        7.92545939308e-30
852170        2.61985529011e-22
852180        1.5153404821e-26
852190        5.8572819708e-24
862170        5.03710137499e-28
862180        3.00615275144e-23
862190        1.37144543366e-19
862200        1.6145962516e-15
862220        1.62517342077e-17
872210        2.33121533604e-18
872220        1.52274094029e-26
872230        6.90322528519e-19
872240        9.42273616068e-26
882210        1.09020541248e-23
882220        3.02034843351e-20
882230        3.40294864098e-14
882240        9.07756105384e-12
882250        1.03862631109e-14
882260        2.48487387505e-12
882280        1.55589550707e-12
892250        7.00824653698e-15
892260        3.14968663125e-20
892270        2.60370606084e-11
892280        1.8984382353e-16
902250        7.00331367576e-27
902260        1.53163471915e-18
90227.09c        5.48976314454e-14
90228.09c        1.7464191389e-09
90229.09c        1.87888734898e-09
90230.09c        5.4714033006e-09
902310        1.15084169105e-10
90232.09c        [0.00378699]
90233.09c        2.76780272609e-09
90234.09c        2.7871641838e-10
902350        1.16486915389e-16
912290        8.96812195353e-19
912300        1.3994110483e-14
91231.09c        4.65120542228e-08
91232.09c        1.40095175227e-10
91233.09c        0.0
912340        3.04109304661e-11
912341        1.15180134933e-13
912350        4.0854840652e-16
922300        1.49777243069e-15
922310        6.30778059096e-15
92232.09c        1.14223331575e-07
92233.09c        [8.22816e-05]
92234.09c        3.34749795538e-05
92235.09c        1.01639466306e-05
922351        1.78011911057e-10
92236.09c        1.34247121663e-05
92237.09c        2.33511134721e-08
92238.09c        1.52954174276e-07
922390        5.68470605511e-13
922400        8.07629107798e-21
932330        1.05123007957e-29
932340        1.01372839175e-22
93235.09c        6.10091707963e-15
93236.09c        1.09194426963e-12
932361        4.1207322495e-18
93237.09c        2.63958075019e-06
93238.09c        7.01807099268e-09
93239.09c        9.13789673262e-11
932400        8.50442842892e-16
932401        1.73812719425e-16
942340        5.03704932567e-28
942350        5.53501980071e-25
94236.09c        2.25387208845e-14
94237.09c        5.28105591577e-13
942371        6.58427737188e-24
94238.09c        2.72026318568e-06
94239.09c        3.28042951189e-07
94240.09c        1.59797159646e-07
94241.09c        1.58945072151e-07
94242.09c        2.87127629629e-07
94243.09c        5.28937721549e-11
94244.09c        4.02220724677e-10
942450        1.72783529681e-14
942460        8.58195168853e-21
952380        1.01170698066e-34
952390        1.23982672325e-21
952400        2.12769626336e-17
95241.09c        4.68744831056e-09
95242.09c        1.82166937498e-11
952421        1.64769071271e-08
95243.09c        1.50976254324e-07
95244.09c        5.96869920511e-12
952441        3.85051225875e-12
952450        4.36876162184e-15
952461        1.37319399545e-23
962380        1.65169517169e-34
962390        1.58852835418e-29
96240.09c        5.1624697222e-19
96241.09c        1.58009001377e-16
96242.09c        3.53370110744e-09
96243.09c        1.3241578141e-10
96244.09c        2.73920214316e-07
962441        5.58129188556e-18
96245.09c        2.68562475171e-08
96246.09c        7.19886052493e-08
96247.09c        5.38972923416e-09
96248.09c        6.41877540671e-09
96249.09c        6.53733494037e-14
96250.09c        7.72558499705e-15
962510        4.01904766548e-20
972490        4.39230472918e-10
972510        1.33010013238e-19
982490        4.0992340479e-09
982510        9.3274919022e-15
